car: 0.020545
space: 0.017848
graphics: 0.014859
orbit: 0.010995
3d: 0.008316
program: 0.008244
pc: 0.007687
anyone: 0.007676
cars: 0.007579
rocket: 0.007330