car: 0.282474
space: 0.224439
is: 0.161146
your: 0.160215
orbit: 0.154788
graphics: 0.147642
any: 0.146726
like: 0.132317
file: 0.128400
software: 0.124586