car: 0.487107
space: 0.431921
graphics: 0.317541
your: 0.303393
hello: 0.298794
orbit: 0.279049
like: 0.274688
just: 0.269940
is: 0.254303
sherzer: 0.246500