car: 1.032601
space: 0.844600
graphics: 0.602304
file: 0.549459
is: 0.540639
orbit: 0.525668
of: 0.504029
software: 0.491240
my: 0.464663
ford: 0.397797