car: 0.021980
space: 0.016470
graphics: 0.013664
orbit: 0.012412
windows: 0.010447
doctor: 0.009967
cars: 0.009124
file: 0.008709
3d: 0.007116
is: 0.007085