car: 0.019087
space: 0.010411
graphics: 0.009706
is: 0.008407
the: 0.008055
that: 0.006883
my: 0.006815
like: 0.006649
of: 0.006473
it: 0.006196