car: 2.515593
space: 2.107445
graphics: 1.428694
orbit: 1.415636
is: 1.345925
file: 1.299385
software: 1.266438
of: 1.194089
my: 1.143702
hello: 1.043204