car: 0.016689
space: 0.011713
the: 0.008112
of: 0.008070
orbit: 0.007718
that: 0.007607
is: 0.007503
windows: 0.006955
graphics: 0.006475
to: 0.005886